PSF_cols <- c(tidal = "#74BDB8",
							deepwater = "#0D1E33",
							activeyellow = "#FED925",
							sand = "#F8F2E6",
							seafoam = "#DCF1F3")

SWP_cols <- c(
	tidal2 = "#47807C",
	tidal3 = "#2a4D4a",
	
	seafoam2 = "#E6F2F3",
	
	lichen1 = "#D3DED9",
	
	stone1 = "#9DAEB0",
	stone2 = "#68787D",
	stone3 = "#535D5E",
	
	clay1 = "#9E6a5A",
	clay2 = "#924848",
	clay3 = "#702121",
	
	sand2 = "#EEE9DF",
	
	soil1 = "#8B8477",
	soil2 = "#615753")

status_cols <- c(green = "#83B687", amber = "#DED38A", red = "#C06363", extinct = "", datadeficient = "#A7A9AC")

species_cols_light <- c(
  	Chinook = "#87AC9F",
  	Chum = "#BDA3A5",
  	Coho = "#D0B669",
  	Pink = "#EDBAAF",
  	Sockeye = "#C5CC8C",
  	Steelhead = "#6F99AD"
)

species_cols_dark <- c(
  Chinook = "#59756B",
  Chum = "#7E6E70",
  Coho = "#897A45",
  Pink = "#9D7D77",
  Sockeye = "#83895E",
  Steelhead = "#486876"
)

# species_cols <- c(
# 	Chinook = "#000000",
# 	Chum = "#8C6B80",
# 	Coho = "#6079B1",
# 	Pink = "#D086A5",
# 	Sockeye = "#924848",
# 	Steelhead = "#68787D"
# )
# 
# # PSE 2.0 Species Colours
# species_cols <- c(
# 	Chinook = "#93BD9F",
# 	Chum = "#D2C55A",
# 	Coho = "#6299B9",
# 	Pink = "#D69771",
# 	Sockeye = "#C75252",
# 	Steelhead = "#88709E"
# )