PSF_cols <- c(tidal = "#74BDB8",
							deepwater = "#0D1E33",
							activeyellow = "#FED925",
							sand = "#F8F2E6",
							seafoam = "#DCF1F3")

SWP_cols <- c(
	sand = "#EEE9DF",
	soil1 = "#615753",
	soil2 = "#8B8477",
	tidal = "#47807C",
	stone1 = "#68787D",
	stone2 = "#535D5E",
	greengrey = "#D3DED9",
	bluegrey = "#E6F2F3",
	clay = "#9E6A5A",
	salmon = "#924848")

